Iteration	CPUTime	PhysTime	Travels	Value	AvValue	MinValue	MaxValue	Delta	Criteria	PrevAvRefValue	Progress	CriteriaType	CriteriaVarType	CriteriaPercentage
1	1	0	0.025	2.05035825e-09	2.05035825e-09	2.05035825e-09	2.05035825e-09	0	0	0	0	0	0	3
2	1	0	0.05	4.33891545e-11	1.0468737e-09	4.33891545e-11	2.05035825e-09	1.00348455e-09	0	0	0	0	0	3
3	1	0	0.075	-1.57201937e-10	6.45515157e-10	-1.57201937e-10	2.05035825e-09	1.4048431e-09	0	0	0	0	0	3
4	1	0	0.1	-1.90773845e-10	4.36442907e-10	-1.90773845e-10	2.05035825e-09	1.61391535e-09	0	0	0	0	0	3
5	1	0	0.125	-3.28173628e-10	2.835196e-10	-3.28173628e-10	2.05035825e-09	1.76683865e-09	0	0	0	0	0	3
6	1	0	0.15	-1.54882434e-10	2.10452594e-10	-3.28173628e-10	2.05035825e-09	1.83990566e-09	0	0	0	0	0	3
7	2	0	0.175	-2.11853981e-10	1.50123083e-10	-3.28173628e-10	2.05035825e-09	1.90023517e-09	0	0	0	0	0	3
8	2	0	0.2	-2.52801668e-10	9.97574892e-11	-3.28173628e-10	2.05035825e-09	1.95060076e-09	0	0	0	0	0	3
9	2	0	0.225	-2.07841459e-10	6.55798283e-11	-3.28173628e-10	2.05035825e-09	1.98477843e-09	0	0	0	0	0	3
10	2	0	0.25	-2.24053062e-10	3.66165393e-11	-3.28173628e-10	2.05035825e-09	2.01374171e-09	0	0	0	0	0	3
11	2	0	0.275	-1.18248283e-10	2.25379191e-11	-3.28173628e-10	2.05035825e-09	2.02782033e-09	0	0	0	0	0	3
12	2	0	0.3	2.1949709e-11	2.24889016e-11	-3.28173628e-10	2.05035825e-09	2.02786935e-09	0	0	0	0	0	3
13	2	0	0.325	1.08408918e-10	2.90981336e-11	-3.28173628e-10	2.05035825e-09	2.02786935e-09	0	0	0	0	0	3
14	2	0	0.35	9.56940307e-11	3.38549834e-11	-3.28173628e-10	2.05035825e-09	2.02786935e-09	0	0	0	0	0	3
15	3	0	0.375	5.07037631e-11	3.49782354e-11	-3.28173628e-10	2.05035825e-09	2.02786935e-09	0	0	0	0	0	3
16	3	0	0.4	-7.42294453e-11	2.81527553e-11	-3.28173628e-10	2.05035825e-09	2.02786935e-09	0	0	0	0	0	3
17	3	0	0.425	-1.52967088e-10	1.74986469e-11	-3.28173628e-10	2.05035825e-09	2.03285961e-09	0	0	0	0	0	3
18	3	0	0.45	-2.13536674e-10	4.66335128e-12	-3.28173628e-10	2.05035825e-09	2.0456949e-09	0	0	0	0	0	3
19	3	0	0.475	-1.53707942e-10	-3.67197996e-12	-3.28173628e-10	2.05035825e-09	2.05403023e-09	0	0	0	0	0	3
20	3	0	0.5	-1.75603831e-10	-1.22685725e-11	-3.28173628e-10	2.05035825e-09	2.06262683e-09	0	0	0	0	0	3
21	3	0	0.525	-9.32321632e-11	-1.19448093e-10	-3.28173628e-10	1.08408918e-10	4.36582547e-10	0	0	0	0	0	3
22	3	0	0.55	-1.14088069e-10	-1.27321955e-10	-3.28173628e-10	1.08408918e-10	4.36582547e-10	0	0	0	0	0	3
23	3	0	0.575	-2.82792889e-10	-1.33601502e-10	-3.28173628e-10	1.08408918e-10	4.36582547e-10	0	0	0	0	0	3
24	3	0	0.6	-3.60427669e-10	-1.42084193e-10	-3.60427669e-10	1.08408918e-10	4.25603793e-10	0	0	0	0	0	3
25	3	0	0.625	-3.30694447e-10	-1.42210234e-10	-3.60427669e-10	1.08408918e-10	3.52662828e-10	0	0	0	0	0	3
26	3	0	0.65	-2.99994499e-10	-1.49465837e-10	-3.60427669e-10	1.08408918e-10	2.99588921e-10	0	0	0	0	0	3
27	4	0	0.675	-2.77451303e-10	-1.52745704e-10	-3.60427669e-10	1.08408918e-10	2.52503193e-10	0	0	0	0	0	3
28	4	0	0.7	-2.85798438e-10	-1.54395542e-10	-3.60427669e-10	1.08408918e-10	2.1997537e-10	0	0	0	0	0	3
29	4	0	0.725	-5.88610789e-10	-1.73434009e-10	-5.88610789e-10	1.08408918e-10	2.10050548e-10	0	0	0	0	0	3
30	4	0	0.75	-5.71764866e-10	-1.90819599e-10	-5.88610789e-10	1.08408918e-10	2.25797834e-10	0	0	0	0	0	3
31	4	0	0.775	-4.74139084e-10	-2.08614139e-10	-5.88610789e-10	1.08408918e-10	2.43592374e-10	0	0	0	0	0	3
32	4	0	0.8	-3.94179923e-10	-2.2942062e-10	-5.88610789e-10	1.08408918e-10	2.64398856e-10	0	0	0	0	0	3
33	4	0	0.825	-5.16798057e-10	-2.60680969e-10	-5.88610789e-10	9.56940307e-11	2.95659205e-10	0	0	0	0	0	3
34	4	0	0.85	-1.62226702e-10	-2.73577006e-10	-5.88610789e-10	5.07037631e-11	3.08555241e-10	0	0	0	0	0	3
35	4	0	0.875	1.97379992e-10	-2.66243194e-10	-5.88610789e-10	1.97379992e-10	3.01729761e-10	0	0	0	0	0	3
36	4	0	0.9	2.1295265e-10	-2.5188409e-10	-5.88610789e-10	2.1295265e-10	2.91075653e-10	0	0	0	0	0	3
37	4	0	0.925	4.00912024e-10	-2.24190134e-10	-5.88610789e-10	4.00912024e-10	2.78240357e-10	0	0	0	0	0	3
38	5	0	0.95	4.63722214e-10	-1.9032719e-10	-5.88610789e-10	4.63722214e-10	2.69905026e-10	0	0	0	0	0	3
39	5	0	0.975	3.74777188e-10	-1.63902933e-10	-5.88610789e-10	4.63722214e-10	2.61308433e-10	0	0	0	0	0	3
40	5	0	1	2.38583281e-10	-1.43193577e-10	-5.88610789e-10	4.63722214e-10	1.54128912e-10	3.02312667e-07	0	0	0	0	3
41	5	0	1.025	3.94475898e-10	-1.18808174e-10	-5.88610789e-10	4.63722214e-10	1.54768831e-10	3.02169846e-07	0	0	0	0	3
42	5	0	1.05	4.17767466e-11	-1.11014934e-10	-5.88610789e-10	4.63722214e-10	1.62562072e-10	3.02458863e-07	0	0	0	0	3
43	5	0	1.075	-2.63319609e-10	-1.1004127e-10	-5.88610789e-10	4.63722214e-10	1.63535736e-10	3.02630702e-07	0	0	0	0	3
44	5	0	1.1	-3.89798494e-10	-1.23363042e-10	-5.88610789e-10	4.63722214e-10	1.63535736e-10	3.02864345e-07	0	0	0	0	3
45	5	0	1.125	-3.8391556e-10	-1.24481513e-10	-5.88610789e-10	4.63722214e-10	1.63535736e-10	3.03023566e-07	0	0	0	0	3
46	5	0	1.15	-2.27260034e-10	-1.19556065e-10	-5.88610789e-10	4.63722214e-10	1.63535736e-10	3.01979715e-07	0	0	0	0	3
47	5	0	1.175	-3.93149549e-10	-1.2399202e-10	-5.88610789e-10	4.63722214e-10	1.63535736e-10	3.0238611e-07	0	0	0	0	3
48	5	0	1.2	-2.42634383e-10	-1.22334071e-10	-5.88610789e-10	4.63722214e-10	1.63535736e-10	3.02127767e-07	0	0	0	0	3
49	6	0	1.225	-2.58743083e-10	-1.21045721e-10	-5.88610789e-10	4.63722214e-10	1.63535736e-10	3.02802768e-07	0	0	0	0	3
50	6	0	1.25	-2.70633504e-10	-1.05903945e-10	-5.71764866e-10	4.63722214e-10	1.6767306e-10	3.02503274e-07	0	0	0	0	3
