Iteration	CPUTime	PhysTime	Travels	Value	AvValue	MinValue	MaxValue	Delta	Criteria	PrevAvRefValue	Progress	CriteriaType	CriteriaVarType	CriteriaPercentage
1	1	0	0.025	1.05335093e-05	1.05335093e-05	1.05335093e-05	1.05335093e-05	0	0	0	0	0	0	3
2	1	0	0.05	1.05335093e-05	1.05335093e-05	1.05335093e-05	1.05335093e-05	1.69406589e-21	0	0	0	0	0	3
3	1	0	0.075	1.05335093e-05	1.05335093e-05	1.05335093e-05	1.05335093e-05	1.69406589e-21	0	0	0	0	0	3
4	1	0	0.1	1.05335093e-05	1.05335093e-05	1.05335093e-05	1.05335093e-05	1.69406589e-21	0	0	0	0	0	3
5	1	0	0.125	1.05335093e-05	1.05335093e-05	1.05335093e-05	1.05335093e-05	1.69406589e-21	0	0	0	0	0	3
6	1	0	0.15	1.05335093e-05	1.05335093e-05	1.05335093e-05	1.05335093e-05	1.69406589e-21	0	0	0	0	0	3
7	2	0	0.175	1.05335093e-05	1.05335093e-05	1.05335093e-05	1.05335093e-05	1.69406589e-21	0	0	0	0	0	3
8	2	0	0.2	1.05335093e-05	1.05335093e-05	1.05335093e-05	1.05335093e-05	1.69406589e-21	0	0	0	0	0	3
9	2	0	0.225	1.05335093e-05	1.05335093e-05	1.05335093e-05	1.05335093e-05	1.69406589e-21	0	0	0	0	0	3
10	2	0	0.25	1.05335093e-05	1.05335093e-05	1.05335093e-05	1.05335093e-05	1.69406589e-21	0	0	0	0	0	3
11	2	0	0.275	1.05335093e-05	1.05335093e-05	1.05335093e-05	1.05335093e-05	1.69406589e-21	0	0	0	0	0	3
12	2	0	0.3	1.05335093e-05	1.05335093e-05	1.05335093e-05	1.05335093e-05	1.69406589e-21	0	0	0	0	0	3
13	2	0	0.325	1.05335093e-05	1.05335093e-05	1.05335093e-05	1.05335093e-05	1.69406589e-21	0	0	0	0	0	3
14	2	0	0.35	1.05335093e-05	1.05335093e-05	1.05335093e-05	1.05335093e-05	1.69406589e-21	0	0	0	0	0	3
15	3	0	0.375	1.05335093e-05	1.05335093e-05	1.05335093e-05	1.05335093e-05	3.38813179e-21	0	0	0	0	0	3
16	3	0	0.4	1.05335093e-05	1.05335093e-05	1.05335093e-05	1.05335093e-05	3.38813179e-21	0	0	0	0	0	3
17	3	0	0.425	1.05335093e-05	1.05335093e-05	1.05335093e-05	1.05335093e-05	3.38813179e-21	0	0	0	0	0	3
18	3	0	0.45	1.05335093e-05	1.05335093e-05	1.05335093e-05	1.05335093e-05	3.38813179e-21	0	0	0	0	0	3
19	3	0	0.475	1.05335093e-05	1.05335093e-05	1.05335093e-05	1.05335093e-05	3.38813179e-21	0	0	0	0	0	3
20	3	0	0.5	1.05335093e-05	1.05335093e-05	1.05335093e-05	1.05335093e-05	3.38813179e-21	0	0	0	0	0	3
21	3	0	0.525	1.05335093e-05	1.05335093e-05	1.05335093e-05	1.05335093e-05	3.38813179e-21	0	0	0	0	0	3
22	3	0	0.55	1.05335093e-05	1.05335093e-05	1.05335093e-05	1.05335093e-05	3.38813179e-21	0	0	0	0	0	3
23	3	0	0.575	1.05335093e-05	1.05335093e-05	1.05335093e-05	1.05335093e-05	3.38813179e-21	0	0	0	0	0	3
24	3	0	0.6	1.05335093e-05	1.05335093e-05	1.05335093e-05	1.05335093e-05	3.38813179e-21	0	0	0	0	0	3
25	3	0	0.625	1.05335093e-05	1.05335093e-05	1.05335093e-05	1.05335093e-05	3.38813179e-21	0	0	0	0	0	3
26	3	0	0.65	1.05335093e-05	1.05335093e-05	1.05335093e-05	1.05335093e-05	3.38813179e-21	0	0	0	0	0	3
27	4	0	0.675	1.05335093e-05	1.05335093e-05	1.05335093e-05	1.05335093e-05	3.38813179e-21	0	0	0	0	0	3
28	4	0	0.7	1.05335093e-05	1.05335093e-05	1.05335093e-05	1.05335093e-05	3.38813179e-21	0	0	0	0	0	3
29	4	0	0.725	1.05335093e-05	1.05335093e-05	1.05335093e-05	1.05335093e-05	3.38813179e-21	0	0	0	0	0	3
30	4	0	0.75	1.05335093e-05	1.05335093e-05	1.05335093e-05	1.05335093e-05	3.38813179e-21	0	0	0	0	0	3
31	4	0	0.775	1.05335093e-05	1.05335093e-05	1.05335093e-05	1.05335093e-05	3.38813179e-21	0	0	0	0	0	3
32	4	0	0.8	1.05335093e-05	1.05335093e-05	1.05335093e-05	1.05335093e-05	3.38813179e-21	0	0	0	0	0	3
33	4	0	0.825	1.05335093e-05	1.05335093e-05	1.05335093e-05	1.05335093e-05	3.38813179e-21	0	0	0	0	0	3
34	4	0	0.85	1.05335093e-05	1.05335093e-05	1.05335093e-05	1.05335093e-05	1.69406589e-21	0	0	0	0	0	3
35	4	0	0.875	1.05335093e-05	1.05335093e-05	1.05335093e-05	1.05335093e-05	1.69406589e-21	0	0	0	0	0	3
36	4	0	0.9	1.05335093e-05	1.05335093e-05	1.05335093e-05	1.05335093e-05	1.69406589e-21	0	0	0	0	0	3
37	4	0	0.925	1.05335093e-05	1.05335093e-05	1.05335093e-05	1.05335093e-05	1.69406589e-21	0	0	0	0	0	3
38	5	0	0.95	1.05335093e-05	1.05335093e-05	1.05335093e-05	1.05335093e-05	1.69406589e-21	0	0	0	0	0	3
39	5	0	0.975	1.05335093e-05	1.05335093e-05	1.05335093e-05	1.05335093e-05	1.69406589e-21	0	0	0	0	0	3
40	5	0	1	1.05335093e-05	1.05335093e-05	1.05335093e-05	1.05335093e-05	1.69406589e-21	1e-08	0	100	0	0	3
41	5	0	1.025	1.05335093e-05	1.05335093e-05	1.05335093e-05	1.05335093e-05	1.69406589e-21	1e-08	0	100	0	0	3
42	5	0	1.05	1.05335093e-05	1.05335093e-05	1.05335093e-05	1.05335093e-05	1.69406589e-21	1e-08	0	100	0	0	3
43	5	0	1.075	1.05335093e-05	1.05335093e-05	1.05335093e-05	1.05335093e-05	1.69406589e-21	1e-08	0	100	0	0	3
44	5	0	1.1	1.05335093e-05	1.05335093e-05	1.05335093e-05	1.05335093e-05	1.69406589e-21	1e-08	0	100	0	0	3
45	5	0	1.125	1.05335093e-05	1.05335093e-05	1.05335093e-05	1.05335093e-05	1.69406589e-21	1e-08	0	100	0	0	3
46	5	0	1.15	1.05335093e-05	1.05335093e-05	1.05335093e-05	1.05335093e-05	1.69406589e-21	1e-08	0	100	0	0	3
47	5	0	1.175	1.05335093e-05	1.05335093e-05	1.05335093e-05	1.05335093e-05	1.69406589e-21	1e-08	0	100	0	0	3
48	5	0	1.2	1.05335093e-05	1.05335093e-05	1.05335093e-05	1.05335093e-05	1.69406589e-21	1e-08	0	100	0	0	3
49	6	0	1.225	1.05335093e-05	1.05335093e-05	1.05335093e-05	1.05335093e-05	1.69406589e-21	1e-08	0	100	0	0	3
50	6	0	1.25	1.05335093e-05	1.05335093e-05	1.05335093e-05	1.05335093e-05	1.69406589e-21	1e-08	0	100	0	0	3
